15130
33679
62564
20167
71122
48891
15648
20868
47012
3509
99649
43967
24375
5405
86232
7421
87296
21625
52829
88467
53424
50049
60748
26012
66747
52637
6936
52966
23340
78112
17556
36110
9136
95189
5300
93340
64527
39019
77426
68960
32296
74671
74111
69807
24654
6556
97836
28963
69710
15794
47364
19606
74200
8118
4253
37099
65801
28497
38432
92770
88850
82949
56108
83979
43125
55949
9891
11198
22927
74210
54390
45413
20155
98985
7006
2708
72413
52066
88998
52363
17305
74689
49857
27784
70671
83464
499
95796
94943
98658
51396
52308
94969
70607
58139
30829
32741
488
79414
42872