3068
83005
3915
68433
48411
98621
27738
37511
35324
41245
2393
44201
46502
95135
12241
45477
28200
55357
99280
10473
54183
36107
91424
3991
41903
48694
21260
86005
6297
82970
41011
22845
5178
96359
32241
100
55991
51967
23057
17366
50028
11845
42484
36085
88801
79274
78383
39004
36612
49050
56543
16686
21963
21633
1725
94666
95863
56475
451
14540
47379
85070
42345
1681
69571
28078
86315
97944
40265
80858
6219
56140
99961
75017
88901
46144
61709
93224
31703
59853
20919
76014
65775
60033
65409
92279
20080
25039
560
72665
67793
75099
55757
48265
63545
16922
74126
49237
28671
82570
67158
97456
65922
89328
97767
73095
84229
5931
98469
31055
99084
56497
60851
58448
72396
17030
22417
32992
15007
9133
2399
29900
64846
72627
97060
8912
50922
37770
49613
35218
61851
42166
81313
404
72963
19032
22371
73604
227
27133
77109
15533
73558
8094
26610
43810
99983
72411
91080
91776
15239
86709
19231
51205
60219
59437
21965
4362
98098
70719
12568
87823
11092
79765
27100
86211
6624
5931
78758
42257
2922
83207
94627
42349
53890
46186
49036
3706
84160
34928
60777
81165
97566
85384
7212
88680
97814
35556
30948
78082
32449
90245
4268
97186
97459
8335
88152
54493
1199
16724
67437
5672
40115
87660
42661
51504
77685
68702
29956
86996
18488
31402
77348
40017
89046
81339
81377
99067
97545
60828
48682
1732
33092
15660
30465
44794
61757
22984
66112
33722
66327
32516
85758
39158
69211
95413
30442
8311
21531
3764
53402
15478
42147
93202
89914
75997
73211
37901
43918
19330
67149
93635
76132
30696
44237
47734
52592
51944
18833
28209
83216
1623
20665
60937
30281
2685
86627
20732
8777
10842
93091
2643
91742
12721
4604
23659
2328
14992
99613
43038
72884
27396
95486
36796
96019
75531
98407
10565
88963
20363
29353
89203
92844
4460
14367
49923
72757
14356
95413
24893
53652
69857
87957
78431
43775
5766
68546
84679
93180
73049
73960
6892
98051
15976
33591
38197
81282
88045
25152
21407
34004
60308
43299
38723
33690
32384
26918
524
99904
38572
75906
376
92529
15195
94177
11107
50059
22497
45834
51243
72003
33675
38215
58032
87319
85759
17101
14209
33312
92926
96670
45786
49060
24888
40991
65092
6525
99496
87720
32391
53599
23763
69839
56936
69985
40583
82824
95919
86055
17656
82520
49197
43142
27343
91125
27491
75026
82639
20824
69766
29604
58168
91321
77903
4561
6864
97760
98319
79502
79197
65570
5518
95946
60843
73108
53662
63060
6825
62211
12233
90103
10988
55933
98577
74530
58399
3648
96178
15967
39673
43181
82943
51788
88360
88817
96507
92621
90361
21179
14783
92
78034
71393
37015
46861
96337
47753
59889
14523
75601
44552
95863
41173
17190
46020
49031
1223
48441
12566
6021
34816
20620
35538
5985
13411
9295
37592
79291
65955
28458
42819
68518
82398
78812
24009
80339
10931
55494
33208
4962
10801
10647
64327
23187
68697
54922
7460
87039
2659
50836
16788
69898
19607
95655
48215
73855
29929
61133
93171
34710
82138
18296
85978
86307
42071
48265
91187
40747
86974
4904
2275
41646
85836
45494
32290
81707
5399
67360
22211
23139
76981
91748
1437
63612
77648
72402
45486
45691
53794
82991
78137
64547
10203
42879
77646
1334
44978
37684
50270
67672
15756
3850
24417
22472
29774
38755
30541
87718
61654
79021
51224
91331
6919
44172
18356
27130
40855
82555
89612
72603
33024
8740
34187
93550
69873
39065
80106
31040
19303
70456
65895
88070
28333
1746
75003
73985
1665
30881
65172
2448
83685
78947
62810
93863
65834
3230
93137
21226
67888
29284
99025
20205
97708
41790
60204
33405
92428
77405
69819
86446
78054
13096
69593
64937
40088
6904
25432
78342
33452
25537
64968
61006
97642
68463
69286
77666
5414
41364
64077
81422
61331
13128
27986
8738
71653
23415
53456
58387
69646
20019
83024
56499
80392
53082
76334
52700
18892
35390
21783
21280
59128
68558
82524
97825
5487
80104
60329
6125
81769
22896
22392
8662
57601
88846
89661
62408
20832
20638
34316
98393
32117
55874
69351
25209
56672
70110
73284
1715
27102
4097
67412
10843
74743
37952
88994
47350
79599
85239
98247
18946
34326
14346
8035
47504
62401
12240
42247
55190
16600
46597
79864
9373
21191
39145
21260
40684
68868
59182
10273
8188
24741
13856
22837
55371
45669
92489
25163
55831
63307
32523
43196
74313
93793
6776
88554
74889
78490
13050
64714
81678
54202
20175
1421
45500
86410
13689
57239
13987
51954
67861
49239
63021
37901
84261
41464
21890
5668
45331
14523
72263
5285
91668
62284
98236
50525
93461
20849
84765
59019
94480
16895
96430
69202
51692
44823
8400
29940
61623
31170
40551
51055
239
98317
39116
69215
22094
76958
87581
11330
78043
83092
81077
97906
15959
1387
9476
48101
73295
88153
56587
50705
51828
95928
12181
57928
21931
4181
39735
77556
51963
62204
91328
57646
18928
70778
71803
43524
53587
56054
95885
81785
88433
95628
83442
15770
85231
72291
40781
15529
3656
4656
24318
58288
11585
14691
45138
90670
37190
25313
12290
98534
56035
3660
600
92699
60923
33642
44992
10229
87986
34567
93347
25452
6378
23101
12879
95091
57961
77956
53197
92307
2123
41822
74928
94438
84599
1836
71919
78451
58540
24055
14354
37802
59713
50584
83190
50467
74383
2814
37168
17264
2464
29578
80514
68683
57799
43913
90774
38451
41094
58588
92377
44373
38253
42577
1719
5993
88125
43896
63420
49106
54015
24479
31898
42881
20546
87539
54733
40021
8616
43894
60780
68668
75627
26458
72926
5563
94912
10270
83711
12351
33611
91121
58480
51199
10333
35038
99351
20624
82116
1411
48827
78988
25659
49929
8790
39556
52293
38865
74240
94988
39295
12328
83790
9127
20612
16490
12261
55552
39163
17108
99126
163
2763
8565
77472
54039
53584
80198
68032
56458
87423
13864
60049
55234
16876
8697
33061
41124
42961
48031
49373
2325
44844
74671
85284
78813
93986
14720
65820
76533
65995
74087
16759
34804
39118
61490
50589
2658
7933
8188
27816
24496
48797
29157
78505
84497
13376
78855
58688
62188
15960
72340
71606
60292
31765
26431
98611
11697
31648
26655
22892
19939
16453
55302
64145
43693
58364
41265
20043
77826
97889
81928
93498
53810
2031
64785
31551
75959
96879
24898
79794
44322
42316
26147
46636
62068
7293
33130
97993